1447499448649601025
1641411570638139392
1738536013981736960
1783842890567008257
1792532763171786752
1878291046171557888
2028745303881633792
2028750281954168832
2029930754382393344
2029931042895974402
2029967525120012288
2030780712660717568
2030780823059013632
2030781052944609280
2030781945496633344
2030782028866842624
2030782041357500416
2030782051499294721
2030782064673644545
2030782073552896000
2030782130620694528
2030782170114240512
2030782237415985152
2030782263403986944
2030782292365660160
2030782330995089408
2030793142002397184
2030793432445444096
2030795063354388480
2030795090277593088
2030795109185503232
2030795161954103296
2030795182497816577
2030795211316908032
2030795242866409472
2030795254807568384
2030795257768775680
2030795259073150976
2030795273941979137
2030795307282509824
2030795358738239488
2030795360650801152
2030795740977696768
2030795741506199552
2030795797898608640
2030795829678850048
2030795839669669888
2030795845650759680
2030795872653701120
2030795935023087617
2030795975988854784
2030795993126690816
2030796001465040896
2030796005432786944
2030812710687195136
2030812710930468864
2030812756199563264
2030812761060716544
2030812772217561088
2030812807839821825
2030812891646246912
2030812964257968128
2030812990405296128
2030813002631667712
2030813121703768064
2030819320906055680
2030819378258919424
2030849424239599616
2030849470716661760
2030849488831795200
2030849570008424448
2030849621527068672
2030849639591882752
2030849641970024448
2030852826126266368
2030852908686962688
2030852909232209920
2030852972457152512
2030853126509752320
2030853141022064641
2030853152141111296
2030853160466894848
2030858322551947264
2030858393775403008
2030858432157515776
2030858451338088448
2030940473922293760
2031526899156135939
2031527209824075776
2031527283798978562
2031527613022580737
2031527782480789504
2031530211758714885
2031535192478003200
2031536845558001664
2031536936616341507
2031537317954109440
2031537367430082563
2031537545197268992
2031537565715886080
2031538865878740996
2018363152849641472
2030199140018487296
2030199248164401153
2030655934092242945
2030655972570722304
2030655975997505537
2030656052468051968
2030656160769155072
2030656419926831104
2030656572435976192
2031064110256009216
2031463052013613057
2031463156892196864
2031516961323233280
2031517150503120899
2031517320078831619
2031517390950068224
2031532248877662208
2031632073228955649
2031632073849712642
2031632183765643264
2031633511359410177
2031661666988068864