1788642156111863808
1834408121525305344
2006753238268473345
2009596068611399681
2009601488084254720
2009606236078297089
2009609742390595584
2009615242981244928
2009623481558904832
2009630591923466240
2009631477903097856
2009633899245453312
2009651683048247297
2009656738954526720
2009659070702370816
2009660247175290882
2009663715327815680
2009669130908266496
2009681035420983296
2009681633109258244
2009682777499967488
2009684869245550592
2009691621793923072
2009691954955898880
2009702488619061248
2009705826945249282
2009706931724922881
2009712501878136833
2009729079378124800
2009732141186461696
2009767815079964672
2009774017948069893
2009852552150691845
2009871363595743236
2009897925577703424
2009899022128197632
2009905469499027457
2009953585522692096
2010332706580971520
2010332862961340416
2010503942673985536
2010541906544263168
2010543714628931584
2010544902082621440
2010554641952776192
2010560952354377728
2010562785676279808
2010567951410434048
2010586359657107456
2010594737569542144
2010606219409727488
2010606577691279360
2010607703949971456
2010613658406297600
2010634808372936704
2010656821518942208
2010710525085458432
2010718252457181185
2010728080067993600
2010926735173603328
2010946279468302336
2010985311900512256
2011006646601072641
2011085320478142464
2011094855762800640
2011135058305007616
2011143234089803776
2011145509487198209
2011198999773265922
2011205843958767616
2011237081373413376
2011257903425208325
2011271718707609600
2011301992598290432
2011331900972093440
2011344980242309120
2011351298470526977
2011358021461630976
2011361269132275712
2011370657775521792
2011391667451105281
2011454088932925440
2011530087242539008
2011530895526936577
2011536484739006465
2011542383507464192
2011560595565469696
2011561737414377472
2012019606152753152
2012031579858878470
2012099544771878912
2012130012011614208
2012698679380217856
2012811940741918720
2012812341549891584
2012830930499514368
2013011409995472898
2013124100743729152
2013981569300459520
2014999823007842304
2019597057754034179
2020470477983252480
2021484457434415104
2022401661558542336
2022652897159450630
2022949276163477504
2023028496734531584
2023136220486979584
2030781956347338752
2030781980137467904
2030782223604125696
2030782273130545152
2030782278989991937
2030793410387525633
2030795247681523712
2030795660094767104
2030795750532431872
2030795893633691648
2030812742643523584
2030813013209669632
2030819657918324736
2030819767733673984
2030835510672015360
2030835516917350400
2030836128279060480
2030836131949154304
2030836238924795905
2030836273875935232
2030845142450761728
2030848935301132288
2030848971321839616
2030849499757998080
2030849572004904960
2030851894122602497
2030851960736460800
2030851991619121152
2030852038649843712
2030852069234769920
2030852092337000448
2030852168631361536
2030852278115319808
2030853071635689472
2030854310708563968
2030854324738473984
2030854600656572416
2030854647704076288
2030854721834270720
2030854726896754688
2030854782823669760
2030854904475189248
2030854960850817024
2030854982279557120
2030854983638478848
2030858121414144000
2030858327618625536
2030858431498985473
2030858527519232000
2030865392286183424
2030867654890938369
2030867696922083328
2030867696951455744
2030867711958589440
2030867723044196352
2030867777138167808
2030867826844762112
2030867832201003008
2030867845513707520
2030867848311271425
2030867854078455808
2030867902296166400
2030867910588342273
2030867962966720512
2030867987193032704
2030868015659864064
2030882342748008448
2030882344794759169
2030882542682083328
2030882567373914112
2030882567814361088
2030882724463128576
2030882764560678912
2030882767089897472
2030882792519962624
2030882799105056768
2030882803425181696
2030882925223591936
2030882930885840897
2030882944517308416
2030882947554009088
2030882988813373440
2030968494519627776
2030968744504414208
2030979939810545664
2030980040247418880
2030981273775439872
2030981377571889152
2030981901549477888
2030982044466266113
2030983374819733505
2035016515284869124