2009592154830811138
2009604912523644928
2009647134539452418
2009655879306752000
2009656319155003393
2009680702015717377
2009691251801743361
2009705304993476610
2009718071834152960
2009739236325642240
2009748869031309314
2009897459447922689
2010524517844828162
2010558681470087168
2010560541060968448
2010563134868934656
2010575039851339776
2010579420780933120
2010609414135504896
2011132800909684736
2011153015991119872
2011174251961987072
2011220687239991296
2011224184916246530
2011349675761418243
2013034561882734592
2019570950300155906
2019571090050154498
2019571091291721729
2019571164876554240
2019571179288186880
2019571204626018304
2019571273181892608
2019571302764326912
2019571322402099200
2019571371605651456
2019571441558036480
1589060712